var_3 <-------------------------
5 int 3 int 6 int 5 int 9
a c h y i
1.5 double 3.6 double 2.8 double 9.8 double 0.5
0 1 1 0 1
1.2 float 2.3 float 3.4 float 1.3 float 2.5
var_2 <-------------------------
3 5 5 6 9
a c h i y
0.5 1.5 2.8 3.6 9.8
0 0 1 1 1
1.2 1.3 2.3 2.5 3.4
var_1 <-------------------------
21
94
219
100
116
